903613661
785018627
090709422
310389315
772175979
806831148
342100148
176840244
469762115
413117401
890762887
242844082
944490567
398952824
773686980
102486609
350179751
485163873
861019136
334895947
419966933
456161747
286529658
761991166
282535999
291734335
271558544
464216629
524175787
230304434
990491241
205690142
263780474
469183252
769260695
856130470
654478621
211062318
605443766
103951351
557159664
426590833
259780295
998722876
280875701
284480268
763054213
428181057
046776660
682563099
484657065
495694235
874289661
516415356
662281252
014953333
726835826
345939449
076322549
359868710
597495682
796666709
171230188
995405883
151315089
127990468
497063693
426402813
091979068
502514991
117722934
353133039
671100651
047897779
307228102
370455352
118424772
203799090
067835884
282289072
013985395
970213067
590485784
267332251
525196590
508067080
483241945
967400625
809283355
532517829
895555987
707703571
216279745
500445703
745940133
831339868
274487933
384820551
942465066
552157895
877257249
337035300
801070938
961153320
231616548
101700968
463662349
101381974
249466444
333671310
903515623
996459424
759313454
289854512
859357864
425984133
251693500
145417185
399617528
859695424
789666703
983002523
339420542
702720515
829725071
785962860
271132882
975699454
240611574
143636300
592577259
250652383
554193878
887853288
602706914
153158850
572223112
653141911
234446035
675201839
872065911
922823370
847593250
791099567
348246703
832595492
708502980
703098065
617444834
889640804
820380413
275770813
218223369
988323747
915177883
774296640
323333113
806143304
550888574
322654392
680711179
312705476
616902010
871422913
633015423
934562529
547788396
847672280
123039077
069670730
027304685
861423344
799222724
209459061
718164593
391207238
285300792
087371628
759264386
886623435
597875494
860219218
179556411
254215337
987395635
494238152
488373144
319095880
944798797
611491212
888439119
279489616
590247623
740044975
158243381
846305005
641096280
800642981
724811804
374970537
528448992
450463488
708675586
525492349
805126329
154245904
107002495
538220076
028710380
567614733
629195041
607103034
449919259
430549934
618348534
102238174
321171831
689115910
269140538
976131756
998430316
982945431
778490166
385369733
343101087
756740819
899842521
007414295
576037874
300560135
387425559
184410546
346996634
227149880
441102182
419779764
080375727
844494739
576696754
852117178
685159149
632807973
911009375
315720300
641861321
050161256
928993430
154327719
798505260
933455531
281249876
346729142
365100716
677757167
112001391
566025428
020594021
414357004
667829231
121093273
185428095
298604110
737862715
279430968
992337364
802640376
808060236
621895299
324696058
031531124
205057591
825458034
969863079
892546158
993645013
726684631
337219866
471892499
274062633
704715487
589760910
267718840
530957274
199754559
617135954
575996068
318611318
048303227
141884289
373206659
175078954
998569139
805099936
121492130
028038963
884837121
219260672
432641906
084264113
101907856
328998739
634349825
957768193
111425805
047205786
852206649
984268296
590508060
534669329
712295984
061211047
223043031
135731053
913986457
751248059
517507353
633231384
342384865
536367344
708675101
637481228
447874422
351584162
832101106
257933590
750886085
097670060
741244041
682952347
469374216
597306266
612934212
749256314
963216385
162850436
187338664
814832389
990964181
107773022
407707109
652574775
855890693
821495870
004644672
130343440
865896522
024160099
807805298
236792913
354621057
516676844
316770968
956752698
877112309
143313447
147233581
737574564
100370320
957769105
990501586
348956238
698452340
412774297
343306438
432457409
870269084
041698669
190600675
229878753
700294972
420852048
357330288
734843389
899965833
706543184
495542595
405990117
921512185
561908231
764818156
977069052
593941743
820361805
465844037
586904865
896084206
683462910
150087078
090254272
451430959
485500000
287056348
619499334
476264091
864376420
833258920
077945697
036628972
327298962
047757745
494356334
071413617
473707655
508439557
356535468
958416674
336037414
888696173
375924434
353062821
947862954
440579789
438028106
223966650
227939066
555907822
930545239
686758547
395894025
398108696
165745989
019401721
473183887
708457119
431614348
371526098
737001606
445374337
044143925
667501309
161344204
