53586
73721
32756
40188
89840
32177
21482
20158
24690
33631
72220
76631
82779
38051
64796
12727
97999
14775
39917
24375
71387
29039
46747
73937
45684
73817
76129
95772
35947
63880
31326
72758
93667
97267
29073
31251
66744
45969
72749
91422
19286
81378
20605
14103
36043
52303
54458
41884
99192
16385
36377
48816
59395
38718
88839
28302
55724
20845
28190
40919
95852
78636
43874
84482
64369
92222
32109
19120
35779
80029
79541
48073
86551
24619
77955
30610
83481
56968
53824
27840
30456
45091
22472
72380
18646
33510
61777
77701
98149
53148
78495
98156
20659
80044
44788
69579
66576
35642
72077
84021
72472
48552
57985
76499
69497
38513
92895
56267
27790
90056
84859
69751
44390
21312
65658
65722
27747
30049
39840
54989
58624
20175
84953
76038
70950
39712
59753
87102
22620
62543
86225
48512
41219
48076
87930
56763
45667
81765
66104
49782
71378
23375
42214
82992
90434
80477
93400
35848
18171
22069
87229
35225
21503
85670
57622
78441
49611
94414
69041
56484
98835
62953
61834
14602
77842
23995
11911
66126
14314
90555
92153
10510
66383
80906
57404
76790
45137
51563
36869
71953
44334
42550
98982
72508
48836
39915
72609
18453
61148
73349
37171
74388
14001
86375
79263
82041
32215
72724
75070
86748
15649
65905
93624
47646
88366
70429
56733
24739
87026
82438
37485
36799
11665
15830
98119
42230
52807
22991
49169
43421
45001
60047
88976
21366
70195
97087
43138
27158
39104
46807
44462
64778
96502
65684
24958
38900
60763
66928
68870
93433
77111
50425
73162
65206
85177
60529
41309
94231
53423
74490

